Pos	Qual	Freq	Ref	Base	UngappedCoverage	TotalCoverage
66	0	0.0015166835187057635	C	A	1978	2012
70	0	0.001519756838905775	A	C	1974	2012
118	0	0.03530127814972611	C	A	1643	2012
122	0	0.048943270300333706	A	G	1798	2012
123	0	0.008724100327153763	A	C	1834	2012
125	0	0.013848817080207732	G	A	1733	2012
144	0	0.01707455890722823	A	G	1757	2012
160	0	0.0055387713997985906	A	G	1986	2011
326	0	0.05337876206700738	G	A	1761	2007
346	0	0.060652395514780834	C	T	1962	1995
350	0	0.02786540483701367	A	T	1902	1995
359	0	0.04381049414161997	C	T	1963	1995
417	0	0.029518384256861728	C	G	3862	4069
423	0	0.07925290257445734	G	A	3962	4067
467	0	0.10331125827814569	T	C	3775	4033
475	0	0.07889291257113296	C	T	3866	4016
496	0	0.06415478615071284	G	A	1964	2038
523	0	0.09050445103857567	A	G	2022	2038
558	0	0.06565656565656566	T	A	1980	2038
653	0	0.09973474801061008	G	A	1885	2038
719	0	0.070068359375	T	C	4096	4189
779	0	0.061758294986679584	C	T	4129	4194
798	0	0.03501199040767386	T	C	2085	2113
803	0	0.05846867749419954	A	G	2155	2175
834	0	0.011837121212121212	C	T	2112	2179
837	0	0.10209424083769633	T	C	1910	2179
906	0	0.03125	C	T	2080	2179
950	0	0.10985384252710985	G	A	2121	2179
988	0	0.011417697431018078	T	A	2102	2171
1070	0	0.09217474795967355	C	T	2083	2164
1088	0	0.011742602160638797	C	A	2129	2165
1175	0	0.23485967503692762	A	G	2031	2166
1187	0	0.1521156936261382	T	G	1867	2166
1337	0	0.09049116864263247	A	T	4133	4293
1343	0	0.07658212262989411	C	T	4061	4293
1442	0	0.12460732984293194	C	T	1910	2029
1469	0	0.005673027333677153	A	T	1939	2029
1475	0	0.07292707292707293	A	G	2002	2029
1499	0	0.08109619686800895	G	A	1788	2029
1655	0	0.12429378531073447	C	T	3009	3125
1736	0	0.09090909090909091	A	G	1122	1131
1742	0	0.011690647482014389	C	T	1112	1131
1810	0	0.0026666666666666666	A	T	1125	1131
1904	0	0.13353441184535234	T	C	3647	3797
1922	0	0.060801721818670974	C	T	3717	3798
1965	0	0.21839407744874714	T	G	3512	3780
2066	0	0.18235064427957828	C	T	2561	2596
2093	0	0.09826122118883947	T	C	2473	2596
2111	0	0.08104789193614409	T	G	2443	2596
2156	0	0.06326809285389166	G	A	2197	2585
2253	0	0.01708108108108108	G	A	4625	4906
2282	0	0.32346938775510203	A	G	1960	2622
2285	0	0.5629217943628424	C	T	2519	2622
2298	0	0.582667731629393	T	C	2504	2622
2351	0	0.012780790085205267	A	G	2582	2622
2394	0	0.5343803056027164	A	G	2356	2622
2411	0	0.545992893801816	C	T	2533	2622
2525	0	0.08408037094281298	G	A	3235	3370
2570	0	0.08030075187969925	C	T	3325	3363
2606	0	0.17253299811439346	C	T	3182	3334
2648	0	0.13271604938271606	T	G	1944	2109
2654	0	0.0970724191063174	C	T	1947	2109
2694	0	0.013215859030837005	A	G	2043	2109
2765	0	0.010584677419354838	T	G	1984	2109
2767	0	0.03922594142259414	T	C	1912	2109
2797	0	0.019521082769390942	G	C	3842	4131
2828	0	0.14755732801595214	C	T	4012	4117
2855	0	0.13164687661331956	T	C	3874	4099
2864	0	0.0926444387884958	A	G	3929	4099
2905	0	0.05654761904761905	C	T	2016	2056
2914	0	0.026140440799589954	A	G	1951	2056
2922	0	0.05552725420275089	C	T	1963	2056
2923	0	0.05474452554744526	T	C	1918	2056
2925	0	0.0175	A	G	2000	2056
2943	0	0.018896071606166086	A	G	2011	2057
2974	0	0.005955334987593052	T	G	2015	2057
2975	0	0.007928642220019821	A	C	2018	2057
3008	0	0.006906758756783424	A	G	2027	2057
3012	0	0.01432806324110672	T	A	2024	2057
3018	0	0.03855659911023233	T	G	2023	2056
3019	0	0.012795275590551181	T	C	2032	2056
3038	0	0.10379241516966067	T	C	2004	2056
3050	0	0.0958354239839438	T	C	1993	2056
3052	0	0.10581222056631892	T	C	2013	2055
3071	0	0.06870409855484483	A	G	4221	4622
3110	0	0.06869044981165522	T	C	4513	4620
3137	0	0.047787610619469026	T	C	4520	4624
3148	0	0.2065047894854088	T	C	4489	4624
3149	0	0.01280070624586184	G	A	4531	4623
3168	0	0.004253308128544423	A	C	2116	2170
3203	0	0.04706533776301218	G	A	1806	2175
3254	0	0.06739961759082218	T	C	2092	2175
3282	0	0.042490118577075096	A	G	2024	2175
3295	0	0.022878932316491896	A	G	2098	2175
3296	0	0.03428839830906529	C	T	2129	2175
3373	0	0.0037638202775817455	G	C	4251	4293
3405	0	0.009729473184622686	A	G	4214	4297
3472	0	0.0063544363379618735	G	T	4249	4302
3473	0	0.08128544423440454	C	T	4232	4305
3518	0	0.060730593607305934	C	T	2190	2224
3535	0	0.05165193113075849	T	C	2149	2224
3566	0	0.06719184430027804	C	T	2158	2224
3593	0	0.0620558976788252	C	T	2111	2224
3605	0	0.0699953336444237	G	A	2143	2224
3617	0	0.04927536231884058	G	A	2070	2224
3767	0	0.03650336215177714	A	T	2082	2232
3806	0	0.02807179015186378	A	T	2173	2237
3827	0	0.04501160092807425	C	T	2155	2237
3854	0	0.026433915211970076	A	G	2005	2237
3885	0	0.04530892448512586	T	C	2185	2237
3928	0	0.031767955801104975	T	C	2172	2237
3989	0	0.07737704918032787	T	C	4575	4636
4030	0	0.06310049337834328	C	T	3851	4638
4056	0	0.010831174947021427	A	G	4247	4620
4083	0	0.010040160642570281	T	G	1992	2188
4085	0	0.11440677966101695	T	C	2124	2188
4094	0	0.11292962356792144	C	T	1833	2188
4095	0	0.0037533512064343165	T	G	1865	2188
4106	0	0.12093553907586994	A	G	1753	2188
4238	0	0.13873961895456766	C	T	2047	2188
4295	0	0.12804453723034098	A	G	4311	4482
4331	0	0.019786217875824425	T	C	4397	4491
4407	0	0.03348104382077794	G	A	2031	2137
4454	0	0.056007659167065585	G	A	2089	2137
4481	0	0.05134596211365902	G	A	2006	2137
4493	0	0.07232401157184185	C	T	2074	2137
4523	0	0.09519087754090233	G	A	2017	2137
4536	0	0.025653206650831355	A	G	2105	2137
4544	0	0.007215007215007215	T	G	2079	2137
4592	0	0.06237816764132553	A	G	4104	4251
4595	0	0.05	C	T	4100	4251
4733	0	0.07271789582258896	T	C	1939	2020
4748	0	0.012759170653907496	C	T	1881	2020
4751	0	0.05196128374936322	T	C	1963	2020
4883	0	0.06570841889117043	T	C	5357	5492
4930	0	0.060296667308803696	C	T	5191	5493
4988	0	0.18006103763987794	G	A	2949	3065
5000	0	0.10105263157894737	T	C	2850	3065
5036	0	0.11735205616850551	C	T	2991	3065
5038	0	0.03296333669693912	A	G	2973	3065
5041	0	0.03432732316227462	G	A	2884	3065
5060	0	0.11267605633802817	T	C	2982	3065
5066	0	0.14620081411126187	C	T	2948	3065
5087	0	0.09625850340136054	C	T	2940	3065
5096	0	0.10670731707317073	T	C	2952	3065
5156	0	0.10127860026917901	C	T	2972	3064
5163	0	0.035668789808917196	C	T	5495	5686
5267	0	0.18777777777777777	T	C	5400	5685
5282	0	0.028187418331155498	T	C	5357	5679
5308	0	0.01160167579761521	T	C	3103	3165
5315	0	0.18438030560271648	G	A	2945	3168
5369	0	0.37112403100775193	C	T	3096	3169
5375	0	0.3397097625329815	A	G	3032	3169
5387	0	0.35175072277545777	C	T	3113	3169
5406	0	0.001943634596695821	A	C	3087	3169
5561	0	0.12753123653597587	C	T	4642	4806
5591	0	0.12010542168674698	T	C	2656	2763
5668	0	0.010393466963622866	T	G	2694	2763
5680	0	0.15748339194998046	C	T	2559	2763
5717	0	0.18452380952380953	C	T	2688	2763
5734	0	0.017640573318632856	C	T	2721	2763
5828	0	0.11833231146535868	T	C	4893	4955
6002	0	0.08674827035657265	T	C	1879	2015
6011	0	0.010536879076768691	A	C	1993	2015
6012	0	0.001525940996948118	C	T	1966	2015
6038	0	0.006141248720573183	T	C	1954	2015
6056	0	0.12378017462763226	C	T	1947	2015
6092	0	0.11174626590448092	C	T	5423	6024
6101	0	0.12920203735144312	T	C	5890	6024
6164	0	0.12169222990055621	C	T	5933	6006
6202	0	0.011049723756906077	A	G	1991	2017
6352	0	0.039361095265259556	T	C	1753	2002
6363	0	0.12236503856041131	C	T	1945	1993
6443	0	0.0872258064516129	G	A	3875	4151
6452	0	0.07618814306712396	C	T	4082	4150
6473	0	0.028985507246376812	T	C	207	289
6488	0	0.010309278350515464	A	G	291	298
6512	0	0.08247422680412371	C	T	291	301
6533	0	0.017241379310344827	A	G	290	301
6556	0	0.04878048780487805	T	C	287	301
6560	0	0.003472222222222222	G	C	288	301
6561	0	0.0070921985815602835	C	A	282	301
6574	0	0.010416666666666666	G	A	288	301
6584	0	0.06896551724137931	T	C	261	301
6608	0	0.040955631399317405	G	A	293	301
6626	0	0.03859649122807018	C	T	285	301
6629	0	0.2222222222222222	A	C	234	301
6651	0	0.03888888888888889	A	G	180	181
6671	0	0.13253012048192772	C	T	83	129
6672	0	0.007874015748031496	T	C	127	129
6684	0	0.013888888888888888	A	C	72	74
6694	0	0.015384615384615385	G	T	65	67
6746	0	0.10206084396467124	C	T	2038	2121
6890	0	0.13340174448435094	A	G	1949	2055
6989	0	0.13386524822695037	C	T	4512	4589
7037	0	0.17400979083222073	C	T	4494	4577
7049	0	0.1460136674259681	C	T	4390	4570
7050	0	0.12272840428180234	T	C	4017	4569
7094	0	0.23746835443037975	C	T	1975	2057
7148	0	0.15239980207817913	T	C	2021	2059
7151	0	0.17768803634528016	C	T	1981	2059
7157	0	0.14486711829077645	C	T	1919	2059
7175	0	0.1462018730489074	C	T	1922	2059
7229	0	0.0041025641025641026	A	C	1950	2059
7432	0	0.0029806259314456036	T	G	2013	2057
7451	0	0.1785	C	T	2000	2057
7482	0	0.0040650406504065045	T	G	1968	2057
7488	0	0.03245749613601236	T	G	1941	2057
7493	0	0.08260646485377117	G	T	1949	2057
7505	0	0.09932397295891836	T	C	1923	2057
7517	0	0.15792207792207794	C	T	1925	2057
7538	0	0.08190091001011122	A	G	1978	2057
7568	0	0.10878885316184352	T	C	1866	2057
7577	0	0.09060402684563758	T	C	4172	4389
7604	0	0.14142175332830947	T	C	3981	4399
7647	0	0.027294685990338165	G	A	4140	4402
7667	0	0.0200416449765747	T	C	3842	4401
7679	0	0.0693907156673114	A	G	4136	4395
7713	0	0.09348914858096828	T	C	1797	2017
7771	0	0.01529745042492918	T	G	1765	2017
7826	0	0.09213951067152525	T	C	1921	2017
7869	0	0.04081066074403109	C	A	3602	3904
7916	0	0.2400676246830093	C	T	3549	3902
7937	0	0.09183128670581954	C	T	3746	3891
7939	0	0.08357348703170028	T	C	3817	3890
7983	0	0.009922041105598866	G	T	1411	1604
7993	0	0.009937888198757764	G	T	1610	1631
8007	0	0.11835443037974684	G	A	1580	1637
8045	0	0.03281733746130031	T	C	1615	1638
8056	0	0.0086687306501548	T	G	1615	1638
8060	0	0.041353383458646614	C	T	1596	1638
8105	0	0.1051980198019802	C	T	1616	1638
8184	0	0.025259067357512953	G	A	1544	1606
8215	0	0.009502515371716043	T	G	3578	3831
8296	0	0.004375170905113481	C	A	3657	3755
8387	0	0.05733824302998422	C	T	1901	2078
8408	0	0.1198992443324937	T	C	1985	2078
8429	0	0.08879263670817542	G	A	1847	2078
8516	0	0.08911316298045953	A	G	4657	4790
8538	0	0.02722824930865773	G	A	4701	4785
8555	0	0.046803900325027084	C	T	4615	4779
8597	0	0.1555783009211873	T	C	1954	2053
8823	0	0.12749651648862054	C	T	4306	4419
8852	0	0.11066916237716425	C	T	4274	4415
8888	0	0.10101010101010101	T	C	1980	2056
8925	0	0.021551724137931036	T	C	1856	2057
9037	0	0.016418676244227808	G	A	1949	2057
9098	0	0.09745454545454546	T	C	4125	4225
9176	0	0.09638848218643241	C	T	4098	4187
9200	0	0.10540540540540541	G	A	1850	2059
9225	0	0.07654563297350343	C	T	2038	2059
9242	0	0.13034410844629823	T	C	1918	2059
9272	0	0.11354581673306773	C	T	2008	2059
9296	0	0.09381237524950099	T	C	2004	2059
9344	0	0.006979062811565304	G	A	2006	2059
9434	0	0.0407545412203074	A	G	4294	4359
9455	0	0.048040152963671125	G	A	4184	4350
9461	0	0.01021355617455896	A	G	4308	4348
9503	0	0.049620548744892	C	T	1713	2018
9527	0	0.04652326163081541	A	G	1999	2018
9548	0	0.035840484603735484	T	C	1981	2018
9623	0	0.03616273229532898	C	T	1991	2018
9677	0	0.1841344890990281	G	A	3807	4046
9704	0	0.0482897384305835	C	T	3976	4040
9713	0	0.031161473087818695	C	T	3883	4039
9723	0	0.00025131942699170643	A	T	3979	4037
9724	0	0.03714067667260239	T	A	3931	4036
9758	0	0.08433734939759036	A	G	1992	2001
9884	0	0.10834629341627787	G	A	1929	2002
9887	0	0.08709016393442623	C	T	1952	2002
9896	0	0.08488612836438923	T	A	1932	2002
9899	0	0.06451612903225806	A	G	1891	2002
9968	0	0.024514811031664963	T	C	1958	1995
10097	0	0.11476278823217599	C	T	3773	3866
10192	0	0.02608242044861763	G	A	1917	2005
10217	0	0.07696335078534032	A	G	1910	2005
10230	0	0.08808016877637131	C	T	1896	2005
10281	0	0.12257100149476831	G	A	2007	2072
10286	0	0.13151239251390998	C	T	1977	2071
10314	0	0.10153541357107479	A	G	2019	2070
10349	0	0.10733899151273091	T	C	2003	2063
10361	0	0.19065321295804566	T	C	1883	2060
10376	0	0.12318087318087319	G	A	1924	2055
10392	0	0.0	A	G	3	3
10477	0	0.0	T	C	3	3
10611	0	0.0	T	G	1	1
10612	0	0.0	T	C	1	1
