Pos	Qual	Freq	Ref	Base	UngappedCoverage	TotalCoverage
66	0	0.002320185614849188	C	A	1724	1751
70	0	0.0011587485515643105	A	C	1726	1753
118	0	0.048763736263736264	C	A	1456	1757
122	0	0.049773755656108594	A	G	1547	1757
123	0	0.010565568676196395	A	C	1609	1757
125	0	0.019933554817275746	G	A	1505	1758
144	0	0.01996007984031936	A	G	1503	1760
160	0	0.005214368482039398	A	G	1726	1760
326	0	0.046314416177429873	G	A	1533	1752
346	0	0.06523005241700641	C	T	1717	1744
350	0	0.01976047904191617	A	T	1670	1744
359	0	0.043655413271245634	C	T	1718	1742
417	0	0.02347024308466052	C	G	3579	3782
423	0	0.08036677454153182	G	A	3708	3779
467	0	0.10426136363636364	T	C	3520	3750
475	0	0.07985531441291041	C	T	3594	3729
496	0	0.06931190356604722	G	A	1991	2038
523	0	0.07807061163600199	A	G	2011	2039
558	0	0.05840528186896902	T	A	1969	2040
653	0	0.08109531332280147	G	A	1899	2038
719	0	0.07979120059656973	T	C	4023	4105
779	0	0.06679812669460192	C	T	4057	4094
798	0	0.040419161676646706	T	C	2004	2018
803	0	0.07588617074388418	A	G	2003	2018
834	0	0.01782985226693836	C	T	1963	2018
837	0	0.12401352874859076	T	C	1774	2018
906	0	0.029881504379185988	C	T	1941	2018
950	0	0.06760847628657922	G	A	1982	2017
988	0	0.00878099173553719	T	A	1936	2009
1070	0	0.0884318766066838	C	T	1945	2013
1088	0	0.01306532663316583	C	A	1990	2014
1175	0	0.24802110817941952	A	G	1895	2016
1187	0	0.134648868253047	T	G	1723	2016
1337	0	0.07226166328600406	A	T	3944	4096
1343	0	0.06815843621399177	C	T	3888	4096
1442	0	0.12140240711669283	C	T	1911	2022
1469	0	0.008840353614144566	A	T	1923	2022
1475	0	0.06566416040100251	A	G	1995	2022
1499	0	0.0878754171301446	G	A	1798	2022
1655	0	0.12299882858258493	C	T	2561	2680
1736	0	0.09117221418234443	A	G	691	697
1742	0	0.020348837209302327	C	T	688	697
1810	0	0.0014492753623188406	A	T	690	697
1904	0	0.12537537537537538	T	C	2664	2759
1922	0	0.0643491124260355	C	T	2704	2753
1965	0	0.19175911251980982	T	G	2524	2735
2066	0	0.21608040201005024	C	T	1990	2034
2093	0	0.082687338501292	T	C	1935	2034
2111	0	0.06321839080459771	T	G	1914	2034
2156	0	0.0527536231884058	G	A	1725	2029
2253	0	0.017380025940337225	G	A	3855	4060
2282	0	0.053850296176628974	A	G	1857	2034
2285	0	0.131551901336074	C	T	1946	2034
2298	0	0.10577915376676987	T	C	1938	2034
2351	0	0.010994502748625687	A	G	2001	2035
2394	0	0.08176739461655663	A	G	1969	2035
2411	0	0.09613428280773144	C	T	1966	2035
2525	0	0.06741573033707865	G	A	4183	4320
2570	0	0.07434333958724203	C	T	4264	4312
2606	0	0.17180616740088106	C	T	4086	4263
2648	0	0.12849162011173185	T	G	1969	2102
2654	0	0.09876543209876543	C	T	1944	2102
2694	0	0.011684518013631937	A	G	2054	2102
2765	0	0.01057934508816121	T	G	1985	2102
2767	0	0.0407426508509541	T	C	1939	2102
2797	0	0.03691084611016468	G	C	3522	3803
2828	0	0.15477145148356056	C	T	3741	3803
2855	0	0.12134706373504035	T	C	3593	3801
2864	0	0.08273381294964029	A	G	3614	3801
2905	0	0.03591790193842646	C	T	1754	1783
2914	0	0.020527859237536656	A	G	1705	1783
2922	0	0.04478491455509723	C	T	1697	1783
2923	0	0.03148148148148148	T	C	1620	1783
2925	0	0.009205983889528193	A	G	1738	1783
2943	0	0.011454753722794959	A	G	1746	1783
2974	0	0.0063327576280944155	T	G	1737	1783
2975	0	0.008027522935779817	A	C	1744	1783
3008	0	0.004558404558404558	A	G	1755	1783
3012	0	0.0056625141562853904	T	A	1766	1783
3018	0	0.029445727482678985	T	G	1732	1783
3019	0	0.014933946008041356	T	C	1741	1783
3038	0	0.11296829971181556	T	C	1735	1783
3050	0	0.1115606936416185	T	C	1730	1783
3052	0	0.10880829015544041	T	C	1737	1783
3071	0	0.08007549204637368	A	G	3709	4047
3110	0	0.0727318803852002	T	C	3946	4051
3137	0	0.05078322385042951	T	C	3958	4041
3148	0	0.195618950585838	T	C	3926	4036
3149	0	0.011645569620253165	G	A	3950	4036
3168	0	0.0029254022428083864	A	C	2051	2106
3203	0	0.0621046578493387	G	A	1739	2109
3254	0	0.0675146771037182	T	C	2044	2109
3282	0	0.06341958396752917	A	G	1971	2109
3295	0	0.03333333333333333	A	G	2040	2109
3296	0	0.02857142857142857	C	T	2065	2109
3373	0	0.0036258158085569255	G	C	4137	4179
3405	0	0.01584979273347964	A	G	4101	4181
3472	0	0.006532784902008227	G	T	4133	4186
3473	0	0.09015996122152206	C	T	4126	4187
3518	0	0.08141762452107279	C	T	2088	2133
3535	0	0.05999032414126754	T	C	2067	2133
3566	0	0.08752417794970986	C	T	2068	2133
3593	0	0.07933398628795299	C	T	2042	2133
3605	0	0.08175182481751825	G	A	2055	2133
3617	0	0.06237218813905931	G	A	1956	2133
3767	0	0.026341463414634145	A	T	2050	2180
3806	0	0.020686412787964268	A	T	2127	2183
3827	0	0.04831833254381809	C	T	2111	2183
3854	0	0.03145611364789447	A	G	1971	2183
3885	0	0.035563874590547495	T	C	2137	2183
3928	0	0.027531497900139992	T	C	2143	2183
3989	0	0.06193895870736086	T	C	4456	4513
4030	0	0.06629243517775996	C	T	3741	4511
4056	0	0.009922555663117135	A	G	4132	4497
4083	0	0.007688364941055869	T	G	1951	2184
4085	0	0.09573459715639811	T	C	2110	2184
4094	0	0.08629164391043145	C	T	1831	2184
4095	0	0.005411255411255411	T	G	1848	2184
4106	0	0.10270880361173815	A	G	1772	2184
4238	0	0.12152269399707175	C	T	2049	2184
4295	0	0.11915499643959174	A	G	4213	4381
4331	0	0.021450221496852412	T	C	4289	4376
4407	0	0.05470675209462789	G	A	2029	2136
4454	0	0.08912314326784859	G	A	2087	2136
4481	0	0.0715	G	A	2000	2136
4493	0	0.10528846153846154	C	T	2080	2136
4523	0	0.11505752876438219	G	A	1999	2136
4536	0	0.053562888570062174	A	G	2091	2136
4544	0	0.004287756074321105	T	G	2099	2136
4592	0	0.0885741718674988	A	G	4166	4316
4595	0	0.07502443792766374	C	T	4092	4316
4733	0	0.12401883830455258	T	C	1911	2009
4748	0	0.015739769150052464	C	T	1906	2009
4751	0	0.0844997407983411	T	C	1929	2009
4883	0	0.07191256830601093	T	C	4575	4717
4930	0	0.07375565610859729	C	T	4420	4717
4988	0	0.1570593149540518	G	A	2394	2468
5000	0	0.06696428571428571	T	C	2240	2468
5036	0	0.0768277571251549	C	T	2421	2468
5038	0	0.030782029950083195	A	G	2404	2468
5041	0	0.04218682737839001	G	A	2323	2468
5060	0	0.08242677824267783	T	C	2390	2468
5066	0	0.10074937552039967	C	T	2402	2468
5087	0	0.06663872590108968	C	T	2386	2468
5096	0	0.06567796610169492	T	C	2360	2468
5156	0	0.05884825556956705	C	T	2379	2468
5163	0	0.030229746070133012	C	T	4962	5170
5267	0	0.17473172707025714	T	C	4939	5177
5282	0	0.022727272727272728	T	C	4884	5174
5308	0	0.012168933428775949	T	C	2794	2865
5315	0	0.10931174089068826	G	A	2717	2869
5369	0	0.2148493543758967	C	T	2788	2869
5375	0	0.18874773139745918	A	G	2755	2869
5387	0	0.2049469964664311	C	T	2830	2869
5406	0	0.0021436227224008574	A	C	2799	2869
5561	0	0.10997100156145438	C	T	4483	4603
5591	0	0.07000795544948289	T	C	2514	2618
5668	0	0.0070066173608407945	T	G	2569	2621
5680	0	0.17135862913096694	C	T	2451	2621
5717	0	0.1323185011709602	C	T	2562	2621
5734	0	0.018231186966640806	C	T	2578	2621
5828	0	0.09660183799957256	T	C	4679	4730
6002	0	0.11315646995127233	T	C	1847	2004
6011	0	0.00906344410876133	A	C	1986	2004
6012	0	0.005120327700972862	C	T	1953	2004
6038	0	0.006198347107438017	T	C	1936	2004
6056	0	0.137842023748064	C	T	1937	2003
6092	0	0.1166563976175806	C	T	4869	5418
6101	0	0.13286713286713286	T	C	5291	5417
6164	0	0.1447072072072072	C	T	5328	5406
6202	0	0.015656565656565657	A	G	1980	2009
6352	0	0.007311586051743532	T	C	1778	2009
6363	0	0.0882051282051282	C	T	1950	2006
6443	0	0.10306122448979592	G	A	1960	2094
6452	0	0.12798053527980535	C	T	2055	2092
6473	0	0.012345679012345678	T	C	81	121
6488	0	0.008333333333333333	A	G	120	122
6512	0	0.024793388429752067	C	T	121	124
6533	0	0.03278688524590164	A	G	122	124
6556	0	0.025210084033613446	T	C	119	124
6560	0	0.0	G	C	118	124
6561	0	0.0	C	A	115	124
6574	0	0.01652892561983471	G	A	121	124
6584	0	0.10377358490566038	T	C	106	124
6608	0	0.056910569105691054	G	A	123	124
6626	0	0.04838709677419355	C	T	124	124
6629	0	0.01639344262295082	A	C	122	124
6651	0	0.008064516129032258	A	G	124	124
6671	0	0.02608695652173913	C	T	115	121
6672	0	0.008620689655172414	T	C	116	121
6684	0	0.0	A	C	118	120
6694	0	0.0	G	T	118	119
6746	0	0.09211195928753181	C	T	1965	2079
6890	0	0.13392391870766024	A	G	1919	2023
6989	0	0.11622501162250116	C	T	4302	4367
7037	0	0.11399443929564411	C	T	4316	4360
7049	0	0.10812737642585551	C	T	4208	4354
7050	0	0.11304793642655729	T	C	3901	4352
7094	0	0.21592649310872894	C	T	1959	2037
7148	0	0.12437311935807423	T	C	1994	2038
7151	0	0.13122171945701358	C	T	1989	2038
7157	0	0.10057621791513882	C	T	1909	2038
7175	0	0.10712401055408971	C	T	1895	2038
7229	0	0.004709576138147566	A	C	1911	2038
7432	0	0.0024975024975024975	T	G	2002	2050
7451	0	0.19193954659949622	C	T	1985	2050
7482	0	0.00513347022587269	T	G	1948	2050
7488	0	0.030176899063475548	T	G	1922	2050
7493	0	0.07542329399692149	G	T	1949	2050
7505	0	0.09968186638388123	T	C	1886	2050
7517	0	0.15010460251046026	C	T	1912	2050
7538	0	0.09297625063163213	A	G	1979	2050
7568	0	0.11344086021505376	T	C	1860	2050
7577	0	0.1110576923076923	T	C	4160	4358
7604	0	0.1805590531352304	T	C	3971	4355
7647	0	0.03341523341523341	G	A	4070	4352
7667	0	0.018610747051114023	T	C	3815	4350
7679	0	0.08106098165592464	A	G	4034	4339
7713	0	0.0965480043149946	T	C	1854	2026
7771	0	0.01417233560090703	T	G	1764	2026
7826	0	0.09528741584671155	T	C	1931	2025
7869	0	0.04178628389154705	C	A	3135	3407
7916	0	0.24360613810741688	C	T	3128	3397
7937	0	0.09506398537477148	C	T	3282	3393
7939	0	0.09334537789822343	T	C	3321	3393
7983	0	0.014577259475218658	G	T	1029	1145
7993	0	0.007908611599297012	G	T	1138	1154
8007	0	0.10062893081761007	G	A	1113	1163
8045	0	0.02368421052631579	T	C	1140	1163
8056	0	0.009548611111111112	T	G	1152	1163
8060	0	0.04085257548845471	C	T	1126	1163
8105	0	0.08987783595113438	C	T	1146	1163
8184	0	0.021660649819494584	G	A	1108	1157
8215	0	0.008014571948998178	T	G	2745	2949
8296	0	0.0075419952005485085	C	A	2917	2994
8387	0	0.07187112763320942	C	T	1614	1797
8408	0	0.15865662999420962	T	C	1727	1797
8429	0	0.1267080745341615	G	A	1610	1797
8516	0	0.09764826175869121	A	G	3912	4016
8538	0	0.026456372424319512	G	A	3931	4014
8555	0	0.04256965944272446	C	T	3876	4012
8597	0	0.1454637607704004	T	C	1973	2050
8823	0	0.10381644706951386	C	T	4402	4502
8852	0	0.09030177378484221	C	T	4341	4503
8888	0	0.08602661596958175	T	C	2104	2163
8925	0	0.023674729799279464	T	C	1943	2169
9037	0	0.02242808386153096	G	A	2051	2173
9098	0	0.10241820768136557	T	C	4218	4326
9176	0	0.09734513274336283	C	T	4181	4275
9200	0	0.10465116279069768	G	A	1978	2193
9225	0	0.09271217712177121	C	T	2168	2193
9242	0	0.15182987141444115	T	C	2022	2193
9272	0	0.12968164794007492	C	T	2136	2193
9296	0	0.11116300794021486	T	C	2141	2193
9344	0	0.012223789374706159	G	A	2127	2193
9434	0	0.05509703323667187	A	G	4483	4565
9455	0	0.06170018281535649	G	A	4376	4556
9461	0	0.0119813623252718	A	G	4507	4550
9503	0	0.03392754456584244	C	T	1739	2041
9527	0	0.062438057482656094	A	G	2018	2041
9548	0	0.055165496489468405	T	C	1994	2041
9623	0	0.03221010901883053	C	T	2018	2041
9677	0	0.1682741116751269	G	A	3940	4146
9704	0	0.0633629191321499	C	T	4056	4138
9713	0	0.025075225677031094	C	T	3988	4136
9723	0	0.000980392156862745	A	T	4080	4133
9724	0	0.03935643564356436	T	A	4040	4132
9758	0	0.09974683544303797	A	G	1975	2001
9884	0	0.13680949922560662	G	A	1937	2001
9887	0	0.10648148148148148	C	T	1944	2001
9896	0	0.10817805383022774	T	A	1932	2001
9899	0	0.08452950558213716	A	G	1881	2001
9968	0	0.02383367139959432	T	C	1972	2001
10097	0	0.10837710810063589	C	T	3617	3724
10192	0	0.03567625133120341	G	A	1878	2005
10217	0	0.07020280811232449	A	G	1923	2005
10230	0	0.061385099685204614	C	T	1906	2005
10281	0	0.11644177911044477	G	A	2001	2064
10286	0	0.12983706720977597	C	T	1964	2063
10314	0	0.0935788949726232	A	G	2009	2061
10349	0	0.10391566265060241	T	C	1992	2053
10361	0	0.18885941644562335	T	C	1885	2051
10376	0	0.11626666666666667	G	A	1875	2040
10392	0	0.0	A	G	4	4
10477	0	0.0	T	C	4	4
10611	0	0.0	T	G	1	1
10612	0	0.0	T	C	1	1
10613	0	1.0	C	T	1	1
